function data()
return {
	boundingInfo = {
		bbMax = { 1.7166587114334, 0.17194287478924, 4.6999998092651, },
		bbMin = { 0.078057117760181, -0.17194287478924, 1.4289481639862, },
	},
	collider = {
		params = {
			halfExtents = { 0.81930077075958, 0.17194287478924, 1.6355258226395, },
		},
		transf = { 1, 0, 0, 0, 0, 1, 0, 0, 0, 0, 1, 0, 0, 0, 0, 1, },
		type = "BOX",
	},
	lods = {
		{
			node = {
				children = {
					{
						materials = { "bh_dynamic_arrivals_board/metrolink_digital_display_baked.mtl", },
						mesh = "bh_dynamic_arrivals_board/bh_metrolink_digital_display_lod0.msh",
						name = "bh_metrolink_digital_display",
						transf = { 1, 0, 0, 0, 0, 1, 0, 0, 0, 0, 1, 0, 0, 0, 0, 1, },
					},
				},
				name = "RootNode",
				transf = { 1, 0, 0, 0, 0, 1, 0, 0, 0, 0, 1, 0, 0, 0, 0, 1, },
			},
			static = false,
			visibleFrom = 0,
			visibleTo = 445.90875244141,
		},
	},
	metadata = {
		labelList = {
			labels = {
				{
					alignment = "LEFT",
					alpha = 1,
					alphaMode = "CUTOUT",
					childId = "",
					color = { 1, 0.54166674613953, 0, },
					filter = "NONE",
					fitting = "CUT",
					nLines = 1,
					params = { },
					renderMode = "EMISSIVE",
					size = { 0.97000002861023, 0.10000000149012, },
					transf = { 1, 0, -0, 0, 0, -0.13917307555676, 0.9902680516243, 0, 0, -0.9902680516243, -0.13917307555676, 0, 0.40000000596046, -0.090000003576279, 4.3499999046326, 1, },
					type = "CUSTOM",
					verticalAlignment = "CENTER",
				},
				{
					alignment = "LEFT",
					alpha = 1,
					alphaMode = "CUTOUT",
					childId = "",
					color = { 1, 0.54166674613953, 0, },
					filter = "NONE",
					fitting = "CUT",
					nLines = 1,
					params = { },
					renderMode = "EMISSIVE",
					size = { 0.97000002861023, 0.10000000149012, },
					transf = { 1, 0, -0, 0, 0, -0.13917307555676, 0.9902680516243, 0, 0, -0.9902680516243, -0.13917307555676, 0, 0.40000000596046, -0.079999998211861, 4.25, 1, },
					type = "CUSTOM",
					verticalAlignment = "CENTER",
				},
				{
					alignment = "CENTER",
					alpha = 1,
					alphaMode = "CUTOUT",
					childId = "",
					color = { 1, 0.54166674613953, 0, },
					filter = "NONE",
					fitting = "CUT",
					nLines = 1,
					params = { },
					renderMode = "EMISSIVE",
					size = { 1.2699999809265, 0.14000000059605, },
					transf = { 1, 0, -0, 0, 0, -0.13917307555676, 0.9902680516243, 0, 0, -0.9902680516243, -0.13917307555676, 0, 0.40000000596046, -0.070000000298023, 4.0999999046326, 1, },
					type = "CUSTOM",
					verticalAlignment = "BOTTOM",
				},
				{
					alignment = "RIGHT",
					alpha = 1,
					alphaMode = "CUTOUT",
					childId = "",
					color = { 1, 0.54166674613953, 0, },
					filter = "NONE",
					fitting = "CUT",
					nLines = 1,
					params = { },
					renderMode = "EMISSIVE",
					size = { 0.30000001192093, 0.10000000149012, },
					transf = { 1, 0, -0, 0, 0, -0.1391729414463, 0.9902680516243, 0, 0, -0.9902680516243, -0.1391729414463, 0, 1.3700000047684, -0.090000003576279, 4.3499999046326, 1, },
					type = "CUSTOM",
					verticalAlignment = "CENTER",
				},
				{
					alignment = "RIGHT",
					alpha = 1,
					alphaMode = "CUTOUT",
					childId = "",
					color = { 1, 0.54166674613953, 0, },
					filter = "NONE",
					fitting = "CUT",
					nLines = 1,
					params = { },
					renderMode = "EMISSIVE",
					size = { 0.30000001192093, 0.10000000149012, },
					transf = { 1, 0, -0, 0, 0, -0.1391729414463, 0.9902680516243, 0, 0, -0.9902680516243, -0.1391729414463, 0, 1.3700000047684, -0.079999998211861, 4.25, 1, },
					type = "CUSTOM",
					verticalAlignment = "CENTER",
				},
				{
					alignment = "LEFT",
					alpha = 1,
					alphaMode = "CUTOUT",
					childId = "",
					color = { 1, 0.54166674613953, 0, },
					filter = "NONE",
					fitting = "CUT",
					nLines = 1,
					params = { },
					renderMode = "EMISSIVE",
					size = { 0.95999997854233, 0.10000000149012, },
					transf = { -1, -8.7422776573476e-08, -0, 0, -1.2166885277054e-08, 0.1391729414463, 0.9902680516243, 0, -8.6571979807104e-08, 0.9902680516243, -0.1391729414463, 0, 1.6599999666214, 0.090000003576279, 4.3499999046326, 1, },
					type = "CUSTOM",
					verticalAlignment = "CENTER",
				},
				{
					alignment = "LEFT",
					alpha = 1,
					alphaMode = "CUTOUT",
					childId = "",
					color = { 1, 0.54166674613953, 0, },
					filter = "NONE",
					fitting = "CUT",
					nLines = 1,
					params = { },
					renderMode = "EMISSIVE",
					size = { 0.95999997854233, 0.10000000149012, },
					transf = { -1, -8.7422776573476e-08, -0, 0, -1.2166885277054e-08, 0.1391729414463, 0.9902680516243, 0, -8.6571979807104e-08, 0.9902680516243, -0.1391729414463, 0, 1.6599999666214, 0.079999998211861, 4.25, 1, },
					type = "CUSTOM",
					verticalAlignment = "CENTER",
				},
				{
					alignment = "CENTER",
					alpha = 1,
					alphaMode = "CUTOUT",
					childId = "",
					color = { 1, 0.54166674613953, 0, },
					filter = "NONE",
					fitting = "CUT",
					nLines = 1,
					params = { },
					renderMode = "EMISSIVE",
					size = { 1.2699999809265, 0.14000000059605, },
					transf = { -1, -8.7422776573476e-08, -0, 0, -1.2166885277054e-08, 0.1391729414463, 0.9902680516243, 0, -8.6571979807104e-08, 0.9902680516243, -0.1391729414463, 0, 1.6599999666214, 0.070000000298023, 4.0999999046326, 1, },
					type = "CUSTOM",
					verticalAlignment = "BOTTOM",
				},
				{
					alignment = "RIGHT",
					alpha = 1,
					alphaMode = "CUTOUT",
					childId = "",
					color = { 1, 0.54166674613953, 0, },
					filter = "NONE",
					fitting = "CUT",
					nLines = 1,
					params = { },
					renderMode = "EMISSIVE",
					size = { 0.30000001192093, 0.10000000149012, },
					transf = { -1, -3.8941436741879e-07, -0, 0, -5.4195897547515e-08, 0.13917282223701, 0.9902680516243, 0, -3.8562458826163e-07, 0.9902680516243, -0.13917282223701, 0, 0.69999998807907, 0.090000003576279, 4.3499999046326, 1, },
					type = "CUSTOM",
					verticalAlignment = "CENTER",
				},
				{
					alignment = "RIGHT",
					alpha = 1,
					alphaMode = "CUTOUT",
					childId = "",
					color = { 1, 0.54166674613953, 0, },
					filter = "NONE",
					fitting = "CUT",
					nLines = 1,
					params = { },
					renderMode = "EMISSIVE",
					size = { 0.30000001192093, 0.10000000149012, },
					transf = { -1, -3.8941436741879e-07, -0, 0, -5.4195897547515e-08, 0.13917282223701, 0.9902680516243, 0, -3.8562458826163e-07, 0.9902680516243, -0.13917282223701, 0, 0.69999998807907, 0.079999998211861, 4.25, 1, },
					type = "CUSTOM",
					verticalAlignment = "CENTER",
				},
			},
		},
	},
	version = 1,
}
end
